id,date,hap,fdate,saledate,fdummy,sdummy,spell,saleval,sqft,age
045.30.00.297.00,1/1/14,0,,,0,0,60,11.40756495,7.171656823,3.850147602
054.22.22.012.00,1/1/14,0,,4/1/18,0,1,51,10.28874995,7.067319849,4.700480366
054.22.22.012.00,1/1/14,0,,9/1/18,0,1,56,10.28874995,7.067319849,4.700480366
055.11.22.039.00,1/1/14,0,,10/1/18,0,1,57,9.75846178,7.262628601,4.852030264
055.12.02.054.00,1/1/14,0,,,0,0,60,9.975808214,7.452982329,4.543294782
055.12.08.016.00,1/1/14,0,,,0,0,60,9.472704636,6.880384082,4.997212274
055.12.19.003.00,1/1/14,0,,,0,0,60,11.32659589,7.342779189,4.394449155
055.12.22.010.00,1/1/14,0,,,0,0,60,9.661415991,6.851184927,4.584967479
055.13.01.023.00,1/1/14,0,,,0,0,60,10.22194128,7.286191715,4.532599493
055.14.04.013.00,1/1/14,0,,,0,0,60,11.13458902,7.491087594,4.852030264
055.14.17.010.00,1/1/14,0,,1/1/17,0,1,36,10.1266311,7.658227526,4.820281566
055.14.25.006.00,1/1/14,0,,7/1/15,0,1,18,9.472704636,7.568379268,4.9698133
055.21.10.029.00,1/1/14,0,,,0,0,60,11.51292546,7.013915475,3.891820298
055.23.14.008.01,1/1/14,0,,,0,0,60,11.31447453,7.935945103,4.779123493
055.24.02.005.00,1/1/14,0,,5/1/17,0,1,40,9.392661929,7.534762657,4.532599493
055.24.02.005.00,1/1/14,0,,8/1/18,0,1,55,9.392661929,7.534762657,4.532599493
055.24.02.005.00,1/1/14,0,,11/1/18,0,1,58,9.392661929,7.534762657,4.532599493
055.24.02.005.00,1/1/14,0,,7/1/15,0,1,18,9.392661929,7.534762657,4.532599493
055.32.03.001.00,1/1/14,0,,,0,0,60,10.1266311,7.895808377,4.65396035
055.32.08.002.00,1/1/14,0,,,0,0,60,10.93310697,7.829630389,4.762173935
055.32.17.002.00,1/1/14,0,,,0,0,60,10.18490001,6.891625897,4.644390899
055.32.23.020.00,1/1/14,0,,7/1/17,0,1,42,10.75577295,7.445417557,4.644390899
055.32.33.023.00,1/1/14,0,,6/1/17,0,1,41,9.971146201,7.65396918,4.615120517
055.32.33.023.00,1/1/14,0,,8/1/16,0,1,31,9.971146201,7.65396918,4.615120517
056.11.03.014.00,1/1/14,0,,,0,0,60,10.76848499,7.38274645,4.49980967
056.12.07.006.00,1/1/14,0,,,0,0,60,10.06900199,7.050989447,4.521788577
056.12.15.005.00,1/1/14,0,,10/1/17,0,1,45,9.350102314,7.717796211,5.384495063
056.12.15.005.00,1/1/14,0,,10/1/16,0,1,33,9.350102314,7.717796211,5.384495063
056.13.02.137.00,1/1/14,0,,,0,0,60,11.46163217,7.313220387,4.644390899
056.13.03.002.00,1/1/14,0,,3/1/18,0,1,50,11.08214255,7.116394144,4.543294782
056.23.01.011.00,1/1/14,0,,6/1/16,0,1,29,10.1266311,7.226936018,4.644390899
056.41.10.001.00,1/1/14,0,,,0,0,60,9.998797732,7.081708586,4.553876892
056.41.10.026.00,1/1/14,0,,,0,0,60,10.57131693,7.476472381,4.553876892
056.43.08.018.00,1/1/14,0,,,0,0,60,10.3449631,6.962243464,4.574710979
040.32.04.003.00,3/1/14,0,,,0,0,60,10.71219307,7.196686571,4.543294782
040.32.04.012.00,3/1/14,0,,12/1/17,0,1,45,10.30895266,6.946975992,4.584967479
040.44.16.006.00,3/1/14,0,,3/1/17,0,1,36,12.51539389,8.272826004,4.86753445
041.30.00.031.00,3/1/14,0,,,0,0,60,9.433483923,6.909753282,4.189654742
041.40.50.001.00,3/1/14,0,,,0,0,60,11.00209984,7.284820913,3.871201011
045.10.01.108.00,3/1/14,0,,5/1/18,0,1,50,11.71586631,7.156176637,2.995732274
054.21.02.003.00,3/1/14,0,,10/1/16,0,1,31,11.13019984,8.06652149,5.062595033
054.21.02.003.00,3/1/14,0,,10/1/16,0,1,31,11.13019984,8.06652149,5.062595033
054.21.06.019.00,3/1/14,0,,11/1/16,0,1,32,9.83091686,6.779921907,4.700480366
054.42.04.025.00,3/1/14,0,,6/1/17,0,1,39,9.417354541,7.53369371,4.49980967
054.42.04.025.00,3/1/14,0,,6/1/18,0,1,51,9.417354541,7.53369371,4.49980967
055.11.17.021.00,3/1/14,0,,,0,0,60,9.903487553,6.753437919,4.59511985
055.12.09.011.00,3/1/14,0,,,0,0,60,10.1266311,6.811244379,4.521788577
055.12.20.028.00,3/1/14,0,,1/1/17,0,1,34,11.40756495,7.588323677,4.574710979
055.12.21.008.00,3/1/14,0,,,0,0,60,10.40426284,7.592870288,4.736198448
055.12.23.004.00,3/1/14,0,,10/1/18,0,1,55,10.16585182,7.13009851,4.736198448
055.14.17.012.00,3/1/14,0,,8/1/16,0,1,29,9.903487553,7.385230923,4.820281566
055.14.26.010.00,3/1/14,0,,,0,0,60,12.06220228,7.849323818,4.753590191
055.23.09.012.00,3/1/14,0,,,0,0,60,9.61580548,7.280697195,4.510859507
055.23.09.014.00,3/1/14,0,9/1/14,,1,0,6,10.50780352,6.784457063,4.553876892
055.23.14.008.02,3/1/14,0,,,0,0,60,12.30138283,7.910590612,4.736198448
055.23.18.003.00,3/1/14,0,,,0,0,60,12.30138283,7.226936018,4.820281566
055.23.18.005.00,3/1/14,0,,,0,0,60,12.30138283,7.207118856,4.59511985
055.31.03.043.00,3/1/14,0,,,0,0,60,8.517193191,7.619724214,4.779123493
055.32.22.009.00,3/1/14,0,,,0,0,60,10.02570519,7.762596049,4.65396035
055.32.22.011.00,3/1/14,0,,,0,0,60,10.20359214,7.543273347,4.691347882
055.41.07.010.00,3/1/14,0,,6/1/17,0,1,39,11.51292546,7.453561872,4.691347882
056.11.07.037.01,3/1/14,0,,,0,0,60,11.35040654,7.142036575,4.532599493
056.13.09.006.00,3/1/14,0,,,0,0,60,11.28978191,7.33171497,4.553876892
056.13.12.014.00,3/1/14,0,,,0,0,60,10.83958091,7.049254841,4.043051268
056.31.11.019.00,3/1/14,0,,,0,0,60,10.71885237,7.416979621,4.077537444
056.32.17.005.00,3/1/14,0,,,0,0,60,11.28978191,7.855544678,4.744932128
056.32.27.012.00,3/1/14,0,,,0,0,60,10.97678203,7.238496841,4.605170186
056.41.02.009.00,3/1/14,0,,,0,0,60,11.08214255,7.221105098,4.779123493
056.41.07.001.00,3/1/14,0,,,0,0,60,12.30138283,7.157735484,4.510859507
056.42.01.008.00,3/1/14,0,,,0,0,60,11.15482093,7.390798522,4.736198448
056.42.02.017.00,3/1/14,0,9/1/18,,1,0,1,9.305650552,7.349873705,4.736198448
059.30.10.072.00,3/1/14,0,,,0,0,60,,8.13446757,2.890371758
040.10.01.008.00,5/1/14,0,,,0,0,60,11.06663836,6.899723107,4.890349128
040.30.00.124.00,5/1/14,0,4/1/15,,1,0,11,10.30895266,7.232733136,5.164785974
040.32.01.014.00,5/1/14,0,,,0,0,60,10.02127059,7.012115294,4.521788577
040.44.04.024.00,5/1/14,0,,2/1/15,0,1,9,9.803667217,7.207118856,4.770684624
040.44.04.024.00,5/1/14,0,,2/1/15,0,1,9,9.803667217,7.207118856,4.770684624
045.10.01.049.00,5/1/14,0,,,0,0,60,11.67334219,7.597897951,2.944438979
054.21.12.003.00,5/1/14,0,,8/1/18,0,1,51,11.73606902,7.899524472,4.770684624
054.42.11.012.00,5/1/14,0,,9/1/18,0,1,52,9.609116492,7.206377291,4.49980967
055.12.19.018.00,5/1/14,0,,,0,0,60,10.81977828,7.645875825,4.574710979
055.14.01.013.00,5/1/14,0,7/1/14,,1,0,2,10.74935582,7.060476366,4.356708827
056.13.02.049.00,5/1/14,0,,,0,0,60,10.46310334,7.087573706,4.820281566
056.14.01.006.00,5/1/14,0,,8/1/16,0,1,27,10.51867319,7.13169851,4.553876892
056.14.01.006.00,5/1/14,0,11/1/16,,1,0,30,10.51867319,7.13169851,4.553876892
056.31.01.007.00,5/1/14,0,,,0,0,60,10.93310697,7.103322063,4.553876892
056.31.09.009.00,5/1/14,0,,,0,0,60,10.71441777,6.817830571,4.553876892
056.31.23.015.00,5/1/14,0,1/1/15,,1,0,8,10.67821472,7.003065459,4.634728988
056.41.10.024.00,5/1/14,0,,,0,0,60,11.48246626,7.539027056,4.521788577
056.43.01.049.00,5/1/14,0,,,0,0,60,10.87804719,7.297768283,4.532599493
058.40.00.228.00,5/1/14,0,,,0,0,60,11.82041016,7.488852956,3.828641396
040.14.10.021.00,6/1/14,0,,,0,0,60,8.517193191,6.556778356,4.49980967
040.43.09.036.00,6/1/14,0,,,0,0,60,12.1542529,7.651595574,4.96284463
040.44.14.008.00,6/1/14,0,,12/1/18,0,1,54,10.50506754,6.80682936,4.852030264
040.44.15.012.00,6/1/14,0,,,0,0,60,12.4874851,7.835183755,4.804021045
045.10.01.063.00,6/1/14,0,,,0,0,60,11.5395674,7.321188557,2.995732274
054.21.02.003.00,6/1/14,0,,10/1/16,0,1,28,11.13019984,8.06652149,5.062595033
054.21.02.003.00,6/1/14,0,,10/1/16,0,1,28,11.13019984,8.06652149,5.062595033
054.21.06.015.00,6/1/14,0,,,0,0,60,11.02841715,7.408530567,5.062595033
054.22.05.001.00,6/1/14,0,,,0,0,60,11.73606902,7.657282793,4.927253685
054.22.32.023.00,6/1/14,0,,,0,0,60,9.350102314,7.97831097,4.770684624
054.22.38.008.00,6/1/14,0,,8/1/18,0,1,50,12.3883942,7.670428522,4.605170186
055.12.02.067.00,6/1/14,0,,8/1/17,0,1,38,10.32875529,7.026426809,4.584967479
055.12.02.067.00,6/1/14,0,12/1/17,,1,0,42,10.32875529,7.026426809,4.584967479
055.12.05.029.00,6/1/14,0,,,0,0,60,9.952277717,6.958448393,4.17438727
055.12.23.007.00,6/1/14,0,,10/1/17,0,1,40,9.546812609,6.756932389,4.691347882
055.12.23.007.00,6/1/14,0,3/1/18,,1,0,45,9.546812609,6.756932389,4.691347882
055.13.15.038.00,6/1/14,0,,,0,0,60,11.67419361,7.802209316,4.691347882
055.14.22.013.00,6/1/14,0,,10/1/18,0,1,52,11.66134547,7.640123173,4.779123493
055.20.08.005.02,6/1/14,1,,4/1/17,0,1,34,11.40756495,7.297768283,4.025351691
055.20.08.005.02,6/1/14,1,,8/1/15,0,1,14,11.40756495,7.297768283,4.025351691
055.21.01.106.00,6/1/14,0,,9/1/15,0,1,15,11.79282735,7.869401713,3.091042453
055.21.01.106.00,6/1/14,0,,10/1/16,0,1,28,11.79282735,7.869401713,3.091042453
055.21.01.119.00,6/1/14,0,,11/1/18,0,1,53,11.6784399,7.869401713,3.091042453
055.21.01.122.00,6/1/14,0,,11/1/18,0,1,53,11.77143616,7.869401713,3.091042453
055.21.01.166.00,6/1/14,0,,11/1/18,0,1,53,11.05564061,7.869401713,2.995732274
055.32.04.077.00,6/1/14,0,,,0,0,60,11.94145585,8.361474616,4.553876892
055.41.07.015.00,6/1/14,0,,11/1/18,0,1,53,11.9316358,8.42002128,4.770684624
055.41.09.016.00,6/1/14,0,,8/1/18,0,1,50,11.46163217,7.383989458,4.127134385
055.41.09.016.00,6/1/14,0,,9/1/15,0,1,15,11.46163217,7.383989458,4.127134385
055.41.09.016.00,6/1/14,0,,6/1/16,0,1,24,11.46163217,7.383989458,4.127134385
055.41.12.021.00,6/1/14,0,,,0,0,60,11.69524702,7.335633982,4.65396035
055.42.04.005.00,6/1/14,0,3/1/15,,1,0,9,10.73639668,7.160069208,4.343805422
056.11.07.021.00,6/1/14,0,,,0,0,60,11.21182037,7.497761701,4.532599493
056.11.08.062.00,6/1/14,0,,5/1/18,0,1,47,11.39526742,7.407924323,4.644390899
056.12.03.018.00,6/1/14,0,,,0,0,60,,7.273786318,4.510859507
056.12.04.024.00,6/1/14,0,,,0,0,60,10.20359214,7.076653815,4.532599493
056.12.09.008.00,6/1/14,0,8/1/18,,1,0,50,11.04292184,8.187021067,4.543294782
056.13.02.148.00,6/1/14,0,,,0,0,60,11.25285856,7.143617603,4.143134726
056.32.22.034.00,6/1/14,0,,,0,0,60,9.61580548,7.465082736,4.605170186
056.41.03.031.00,6/1/14,0,,4/1/18,0,1,46,11.08367983,7.166265974,3.988984047
056.41.03.075.00,6/1/14,0,,7/1/18,0,1,49,11.15625052,7.026426809,4.718498871
056.41.06.007.00,6/1/14,0,,1/1/16,0,1,19,11.22524339,7.605392365,4.553876892
056.41.06.007.00,6/1/14,0,,8/1/15,0,1,14,11.22524339,7.605392365,4.553876892
056.41.06.007.00,6/1/14,0,,12/1/16,0,1,30,11.22524339,7.605392365,4.553876892
056.43.03.016.00,6/1/14,0,,,0,0,60,11.11988288,7.145196135,4.532599493
056.43.10.004.00,6/1/14,0,8/1/14,,1,0,2,10.86092023,7.401231264,4.584967479
056.44.05.011.00,6/1/14,0,,,0,0,60,9.61580548,7.239214974,4.709530201
056.44.05.014.00,6/1/14,0,9/1/14,,1,0,3,10.81977828,7.446001498,4.700480366
040.32.01.003.00,7/1/14,0,,,0,0,60,11.48760766,7.726212651,4.584967479
041.30.02.006.66,7/1/14,0,,12/1/18,0,1,53,12.84792653,8.04462628,2.302585093
041.30.02.006.66,7/1/14,0,,3/1/15,0,1,8,12.84792653,8.04462628,2.302585093
041.33.03.002.00,7/1/14,0,,,0,0,60,11.31447453,7.288927695,3.091042453
045.10.00.004.00,7/1/14,0,,7/1/16,0,1,24,11.00209984,7.007600614,4.406719247
045.10.01.008.00,7/1/14,0,,1/1/17,0,1,30,11.8313792,7.337587744,3.091042453
045.30.00.297.00,7/1/14,0,,,0,0,60,11.40756495,7.171656823,3.850147602
045.30.00.619.00,7/1/14,0,,7/1/15,0,1,12,10.858999,6.856461985,3.871201011
054.21.12.023.00,7/1/14,0,,10/1/17,0,1,39,12.30138283,7.916078096,4.644390899
054.22.09.013.00,7/1/14,0,,,0,0,60,10.1266311,7.671360923,4.700480366
054.42.04.034.00,7/1/14,0,,,0,0,60,10.91508846,6.551080335,3.828641396
055.11.22.039.00,7/1/14,0,,10/1/18,0,1,51,9.75846178,7.262628601,4.852030264
055.11.27.014.00,7/1/14,0,,,0,0,60,9.752664663,7.206377291,4.663439094
055.12.14.016.00,7/1/14,0,,,0,0,60,10.89858946,7.085901464,4.521788577
055.14.01.013.00,7/1/14,0,,,0,0,60,10.74935582,7.060476366,4.356708827
055.14.19.018.00,7/1/14,0,1/1/17,,1,0,30,10.65725935,6.784457063,4.644390899
055.20.06.001.04,7/1/14,0,,,0,0,60,11.44571672,7.292337176,3.988984047
055.21.01.111.00,7/1/14,0,,11/1/18,0,1,52,11.44357539,7.869401713,3.044522438
055.21.10.021.00,7/1/14,0,,,0,0,60,11.45105006,7.279318835,3.931825633
055.23.08.014.00,7/1/14,0,,,0,0,60,10.35774282,7.063048163,4.682131227
055.24.03.009.00,7/1/14,0,,2/1/17,0,1,31,9.908475094,7.484368643,4.532599493
055.32.03.008.00,7/1/14,0,,,0,0,60,11.66564655,7.724004657,4.753590191
055.32.07.013.00,7/1/14,0,,4/1/15,0,1,9,11.56171563,7.431299675,4.762173935
055.32.12.004.00,7/1/14,0,,,0,0,60,11.01862914,7.718240952,4.691347882
055.32.21.009.00,7/1/14,0,,10/1/16,0,1,27,9.680344001,6.421622268,4.820281566
055.32.27.012.00,7/1/14,0,,,0,0,60,9.61580548,7.224024808,4.779123493
055.41.15.004.00,7/1/14,0,,9/1/17,0,1,38,11.90496755,7.56112159,4.532599493
055.41.15.004.00,7/1/14,0,4/1/18,,1,0,45,11.90496755,7.56112159,4.532599493
056.11.03.029.00,7/1/14,0,,,0,0,60,10.1266311,7.387090236,4.543294782
056.11.07.048.00,7/1/14,0,,,0,0,60,11.57119437,7.338888134,4.043051268
056.11.08.062.00,7/1/14,0,,5/1/18,0,1,46,11.39526742,7.407924323,4.644390899
056.11.08.063.00,7/1/14,0,,,0,0,60,11.62177987,7.51479976,4.615120517
056.13.02.119.00,7/1/14,0,,,0,0,60,11.24504602,7.492203043,4.574710979
056.13.02.133.00,7/1/14,0,,7/1/15,0,1,12,10.1266311,7.23489842,4.644390899
056.13.06.003.00,7/1/14,0,,,0,0,60,10.46310334,6.98471632,4.17438727
056.13.16.006.00,7/1/14,0,,9/1/17,0,1,38,10.94199592,6.770789424,4.709530201
056.14.14.008.00,7/1/14,0,,,0,0,60,10.46310334,6.947937069,4.852030264
056.14.14.009.00,7/1/14,0,,,0,0,60,10.46310334,7.006695227,4.356708827
056.31.02.014.00,7/1/14,0,,,0,0,60,10.87804719,7.232733136,4.564348191
056.31.18.012.00,7/1/14,0,10/1/14,,1,0,3,10.56100756,6.761572769,4.189654742
056.32.13.015.00,7/1/14,0,,,0,0,60,11.73606902,8.011355109,4.820281566
056.32.13.016.00,7/1/14,0,,,0,0,60,11.08214255,7.076653815,4.521788577
056.32.27.003.00,7/1/14,0,,,0,0,60,11.44571672,7.980023592,4.553876892
056.34.04.013.00,7/1/14,0,,12/1/17,0,1,41,9.717157974,7.468513271,4.564348191
056.34.04.013.00,7/1/14,0,,7/1/18,0,1,48,9.717157974,7.468513271,4.564348191
056.41.04.036.00,7/1/14,0,,7/1/15,0,1,12,8.853665428,7.465082736,4.48863637
056.41.08.002.00,7/1/14,0,,,0,0,60,10.20359214,7.463363046,4.477336814
056.43.10.009.00,7/1/14,0,,,0,0,60,11.28978191,7.639642288,4.663439094
056.44.00.001.10,7/1/14,0,,,0,0,60,11.27720313,7.426549072,4.521788577
059.00.00.003.35,7/1/14,0,,,0,0,60,12.07254125,7.638679824,3.17805383
059.40.00.374.00,7/1/14,0,,,0,0,60,12.1281111,7.867488569,4.127134385
040.14.00.004.00,8/1/14,0,,,0,0,60,9.61580548,6.956545443,4.96284463
040.41.03.006.00,8/1/14,0,,,0,0,60,11.9511804,7.551186867,4.382026635
041.40.02.003.00,8/1/14,0,,,0,0,60,11.14908203,6.98471632,4.025351691
042.30.00.062.00,8/1/14,0,,9/1/18,0,1,49,11.2515607,7.13009851,3.912023005
042.30.00.062.00,8/1/14,0,,11/1/18,0,1,51,11.2515607,7.13009851,3.912023005
045.00.00.018.00,8/1/14,0,,5/1/15,0,1,9,11.19821472,7.531552381,4.043051268
045.00.00.018.00,8/1/14,0,,5/1/15,0,1,9,11.19821472,7.531552381,4.043051268
045.00.01.181.00,8/1/14,0,,,0,0,60,11.84868316,7.299797367,2.995732274
045.30.00.619.00,8/1/14,0,,7/1/15,0,1,11,10.858999,6.856461985,3.871201011
054.22.27.024.00,8/1/14,0,,,0,0,60,11.77528973,7.836369761,4.795790546
054.24.21.015.00,8/1/14,1,,,0,0,60,9.392661929,7.085901464,1.098612289
054.42.11.031.00,8/1/14,0,,2/1/18,0,1,42,9.846917201,7.230563153,4.454347296
055.11.12.009.00,8/1/14,0,,10/1/15,0,1,14,10.95080655,6.551080335,4.727387819
055.12.01.013.00,8/1/14,0,,2/1/17,0,1,30,11.26446411,6.723832441,4.369447852
055.12.01.013.00,8/1/14,0,,6/1/17,0,1,34,11.26446411,6.723832441,4.369447852
055.12.02.081.01,8/1/14,0,,11/1/17,0,1,39,11.55502664,7.526717561,4.48863637
055.12.02.081.01,8/1/14,0,,6/1/18,0,1,46,11.55502664,7.526717561,4.48863637
055.12.04.002.00,8/1/14,0,,,0,0,60,11.00209984,7.169350017,4.369447852
055.12.20.025.00,8/1/14,0,,6/1/18,0,1,46,11.72399644,7.325807503,4.532599493
055.12.23.003.00,8/1/14,0,,,0,0,60,9.472704636,7.118016204,4.736198448
055.14.02.005.00,8/1/14,0,,9/1/15,0,1,13,10.16585182,7.17472431,4.672828834
055.14.17.009.00,8/1/14,0,,3/1/18,0,1,43,9.392661929,7.799753318,4.820281566
055.14.17.009.00,8/1/14,0,,2/1/16,0,1,18,9.392661929,7.799753318,4.820281566
055.14.18.031.00,8/1/14,0,,5/1/17,0,1,33,12.20607265,7.047517221,4.736198448
055.20.11.005.01,8/1/14,0,,,0,0,60,10.71441777,7.475339237,4.007333185
055.21.01.105.00,8/1/14,0,,11/1/18,0,1,51,11.44357539,7.869401713,3.091042453
055.21.01.110.00,8/1/14,0,,11/1/18,0,1,51,11.74799759,7.869401713,3.044522438
055.21.10.017.00,8/1/14,0,,,0,0,60,11.51292546,7.651595574,3.912023005
055.24.12.002.00,8/1/14,0,,,0,0,60,10.54006438,6.91968385,4.49980967
055.32.02.013.00,8/1/14,0,,,0,0,60,10.83958091,7.322510434,4.736198448
055.32.03.001.00,8/1/14,0,,,0,0,60,10.1266311,7.895808377,4.65396035
055.32.04.075.00,8/1/14,0,,1/1/17,0,1,29,12.4292162,8.222553638,4.691347882
055.41.05.031.00,8/1/14,0,,,0,0,60,11.08214255,7.514254653,4.691347882
055.42.04.005.00,8/1/14,0,3/1/15,,1,0,7,10.73639668,7.160069208,4.343805422
056.11.06.019.00,8/1/14,0,,,0,0,60,11.51292546,7.416378479,4.521788577
056.11.08.017.00,8/1/14,0,,,0,0,60,10.28874995,7.478734826,4.691347882
056.11.08.027.00,8/1/14,0,,,0,0,60,11.08214255,6.841615476,4.127134385
056.11.08.065.00,8/1/14,0,,,0,0,60,11.51292546,7.090909822,4.543294782
056.12.01.019.00,8/1/14,0,,,0,0,60,10.23995979,6.937314081,4.564348191
056.12.16.008.00,8/1/14,1,,6/1/16,0,1,22,10.75149944,6.897704943,4.584967479
056.13.02.135.00,8/1/14,0,9/1/14,,1,0,1,10.81977828,7.578656851,4.615120517
056.13.02.139.00,8/1/14,0,,4/1/15,0,1,8,11.56171563,7.419380583,4.574710979
056.13.02.151.00,8/1/14,1,,4/1/17,0,1,32,11.66134547,7.226936018,4.077537444
056.13.12.008.00,8/1/14,0,,,0,0,60,9.680344001,6.875232087,4.521788577
056.31.02.017.00,8/1/14,0,,,0,0,60,11.08214255,6.835184586,4.691347882
056.31.09.015.00,8/1/14,0,,,0,0,60,9.61580548,6.966024187,4.553876892
056.31.10.031.00,8/1/14,0,,12/1/17,0,1,40,10.74935582,6.646390515,4.510859507
056.31.10.031.00,8/1/14,0,,8/1/15,0,1,12,10.74935582,6.646390515,4.510859507
056.32.05.001.00,8/1/14,0,,4/1/15,0,1,8,11.00209984,7.291656209,4.521788577
056.32.10.007.00,8/1/14,0,,,0,0,60,10.5941316,7.298445102,4.736198448
056.32.12.041.00,8/1/14,0,9/1/15,,1,0,13,11.42081018,8.048788284,4.691347882
056.32.17.003.01,8/1/14,0,,,0,0,60,11.60367983,7.286876412,4.158883083
056.32.19.004.00,8/1/14,0,12/1/14,,1,0,4,10.95779958,7.491087594,4.477336814
056.32.20.050.00,8/1/14,0,,,0,0,60,11.40645322,7.716015267,4.691347882
056.32.27.007.00,8/1/14,0,,10/1/17,0,1,38,11.54248427,7.436617265,4.65396035
056.34.03.004.01,8/1/14,0,,,0,0,60,10.55841352,7.146772179,4.418840608
056.34.07.010.00,8/1/14,0,,,0,0,60,11.28978191,7.496652438,4.663439094
056.40.00.008.00,8/1/14,0,,,0,0,60,10.87804719,6.799055862,4.060443011
056.41.06.006.00,8/1/14,0,,,0,0,60,10.32875529,7.605392365,4.736198448
056.42.01.059.00,8/1/14,0,,,0,0,60,9.104979856,6.577861358,4.736198448
056.42.01.079.00,8/1/14,0,,6/1/16,0,1,22,10.37349118,7.280697195,4.615120517
056.42.02.023.00,8/1/14,1,9/1/18,,1,0,1,10.73856823,7.387090236,4.691347882
056.42.02.023.00,8/1/14,0,,8/1/15,0,1,12,10.73856823,7.387090236,4.691347882
056.43.10.004.00,8/1/14,0,,,0,0,60,10.86092023,7.401231264,4.584967479
056.44.02.005.00,8/1/14,1,,3/1/15,0,1,7,10.13062313,7.579167967,4.718498871
058.40.00.241.00,8/1/14,0,,,0,0,60,11.68687877,7.459338895,3.17805383
059.00.00.003.56,8/1/14,0,,,0,0,60,12.31268238,8.045908742,3.044522438
059.10.00.020.00,8/1/14,0,,,0,0,60,12.46265097,7.996317232,2.995732274
059.10.00.069.00,8/1/14,0,,,0,0,60,12.35449265,7.985824666,3.218875825
059.30.00.080.00,8/1/14,0,,,0,0,60,11.58988651,7.662467815,4.143134726
059.30.00.081.00,8/1/14,0,,,0,0,60,11.22524339,7.737180078,4.143134726
059.30.10.058.00,8/1/14,0,,,0,0,60,12.64626119,8.316544718,2.772588722
040.14.08.029.00,9/1/14,0,,,0,0,60,10.4341158,7.869401713,4.574710979
040.14.10.013.00,9/1/14,0,,,0,0,60,12.1281111,7.89469085,4.110873864
040.30.00.181.01,9/1/14,0,,,0,0,60,10.1266311,7.836764783,4.584967479
040.41.01.002.00,9/1/14,0,,4/1/15,0,1,7,13.26905776,8.031385331,3.63758616
040.44.01.025.00,9/1/14,0,2/1/15,,1,0,5,10.41331268,7.496652438,4.919980926
040.44.01.025.00,9/1/14,0,2/1/15,,1,0,5,10.41331268,7.496652438,4.919980926
040.44.01.058.00,9/1/14,0,,,0,0,60,10.46310334,6.66949809,4.543294782
040.44.06.020.00,9/1/14,0,,,0,0,60,,6.763884909,4.644390899
041.40.01.007.00,9/1/14,0,,,0,0,60,11.24373798,7.201170883,3.951243719
041.40.21.013.00,9/1/14,0,,2/1/18,0,1,41,10.88743693,6.989335266,3.891820298
045.10.00.062.00,9/1/14,0,,,0,0,60,12.17303279,8.32700074,4.49980967
045.30.00.633.00,9/1/14,0,,,0,0,60,10.94552949,7.224024808,3.713572067
054.21.06.019.00,9/1/14,0,,11/1/16,0,1,26,9.83091686,6.779921907,4.700480366
054.22.09.011.00,9/1/14,0,,,0,0,60,11.8913619,7.746732908,4.59511985
054.42.09.007.00,9/1/14,0,,7/1/18,0,1,46,11.04292184,6.802394763,3.496507561
055.11.09.007.00,9/1/14,0,,5/1/17,0,1,32,8.160518247,6.622736324,4.634728988
055.11.22.037.00,9/1/14,0,,,0,0,60,10.02570519,7.247792582,4.343805422
055.11.31.022.00,9/1/14,0,,,0,0,60,9.903487553,7.763021309,4.718498871
055.12.02.056.00,9/1/14,0,,1/1/18,0,1,40,9.83091686,7.411556288,4.521788577
055.12.09.003.01,9/1/14,0,,,0,0,60,11.43496392,7.156956365,4.543294782
055.12.09.009.00,9/1/14,0,,7/1/17,0,1,34,10.84933709,7.397561536,4.521788577
055.12.09.051.00,9/1/14,0,,,0,0,60,10.03889219,6.376726948,4.820281566
055.13.15.035.00,9/1/14,0,,,0,0,60,9.680344001,7.426549072,4.691347882
055.14.06.042.00,9/1/14,0,,,0,0,60,10.81977828,7.385230923,4.927253685
055.14.13.004.00,9/1/14,0,,,0,0,60,9.846917201,7.068172,4.204692619
055.14.13.005.00,9/1/14,1,,,0,0,60,8.476371197,6.882437471,4.532599493
055.14.19.013.00,9/1/14,0,,,0,0,60,12.08672589,7.677863501,4.727387819
055.21.01.108.00,9/1/14,0,,11/1/18,0,1,50,11.82846587,7.869401713,3.091042453
055.21.01.109.00,9/1/14,0,,11/1/18,0,1,50,11.8386256,7.869401713,3.044522438
055.21.01.114.00,9/1/14,0,,9/1/16,0,1,24,11.77528973,7.869401713,3.091042453
055.23.09.014.00,9/1/14,0,,,0,0,60,10.50780352,6.784457063,4.553876892
055.23.19.014.00,9/1/14,0,,3/1/17,0,1,30,,7.412160335,4.553876892
055.23.20.005.00,9/1/14,0,,,0,0,60,11.22524339,7.17930797,4.564348191
055.24.02.003.00,9/1/14,0,,,0,0,60,11.75194237,7.153051635,4.127134385
055.24.04.012.00,9/1/14,0,,12/1/18,0,1,51,10.46310334,7.470224136,4.574710979
055.24.11.006.00,9/1/14,0,,4/1/18,0,1,43,11.22524339,7.062191632,4.49980967
055.32.04.054.00,9/1/14,0,,3/1/15,0,1,6,9.480367509,7.367708572,4.736198448
055.32.22.014.00,9/1/14,0,,,0,0,60,11.08214255,7.339537695,4.644390899
055.32.23.020.00,9/1/14,0,,7/1/17,0,1,34,10.75577295,7.445417557,4.644390899
055.32.25.005.00,9/1/14,0,,,0,0,60,11.69524702,8.292548514,4.672828834
055.41.02.004.00,9/1/14,0,,,0,0,60,11.66134547,7.818832444,4.852030264
056.11.02.011.00,9/1/14,0,,,0,0,60,10.95080655,7.038783541,4.543294782
056.11.03.012.00,9/1/14,0,,3/1/17,0,1,30,11.49272276,7.229838778,4.532599493
056.11.07.003.00,9/1/14,0,,,0,0,60,10.20359214,7.135687347,4.248495242
056.12.03.004.00,9/1/14,0,,,0,0,60,11.03488966,6.93439721,4.553876892
056.12.10.017.00,9/1/14,0,,,0,0,60,11.19821472,7.401841579,4.574710979
056.13.02.041.00,9/1/14,0,,,0,0,60,11.38509209,7.340186835,4.553876892
056.13.02.135.00,9/1/14,0,,,0,0,60,10.81977828,7.578656851,4.615120517
056.13.02.139.00,9/1/14,0,,4/1/15,0,1,7,11.56171563,7.419380583,4.574710979
056.13.15.018.00,9/1/14,0,,,0,0,60,11.36210258,7.057036982,4.219507705
056.31.09.015.00,9/1/14,0,,,0,0,60,9.61580548,6.966024187,4.553876892
056.31.10.024.00,9/1/14,1,,8/1/17,0,1,35,11.17043516,7.154615357,4.543294782
056.31.10.029.00,9/1/14,0,,3/1/15,0,1,6,10.1266311,6.646390515,4.510859507
056.31.18.012.00,9/1/14,0,10/1/14,,1,0,1,10.56100756,6.761572769,4.189654742
056.32.05.001.00,9/1/14,0,,4/1/15,0,1,7,11.00209984,7.291656209,4.521788577
056.32.24.004.00,9/1/14,0,10/1/14,,1,0,1,11.04452056,7.185387016,4.521788577
056.32.25.032.00,9/1/14,0,,,0,0,60,11.28978191,7.655864018,4.691347882
056.32.27.017.00,9/1/14,0,,,0,0,60,11.28978191,7.377758908,4.382026635
056.34.04.009.00,9/1/14,0,,,0,0,60,10.96647266,7.054449658,4.394449155
056.41.03.018.00,9/1/14,0,12/1/14,,1,0,3,10.73856823,7.696667082,4.779123493
056.42.01.039.00,9/1/14,0,,,0,0,60,11.39639165,7.106606138,4.521788577
056.42.01.068.00,9/1/14,1,,12/1/18,0,1,51,11.15625052,7.06646697,4.59511985
056.43.05.011.00,9/1/14,0,,,0,0,60,11.49272276,7.840706452,4.736198448
056.44.05.014.00,9/1/14,0,,,0,0,60,10.81977828,7.446001498,4.700480366
040.30.00.001.07,10/1/14,0,,,0,0,60,11.00209984,7.263329617,4.553876892
040.43.09.043.00,10/1/14,0,,10/1/15,0,1,12,10.858999,7.636752112,4.852030264
044.20.00.039.00,10/1/14,0,,7/1/17,0,1,33,10.30895266,7.691656823,4.17438727
045.10.01.275.00,10/1/14,0,,,0,0,60,12.06104687,7.707961532,2.890371758
045.30.00.654.00,10/1/14,0,,,0,0,60,11.66134547,6.915723449,3.828641396
054.14.12.015.00,10/1/14,0,,,0,0,60,13.01700286,7.996317232,4.927253685
054.22.11.013.01,10/1/14,0,,,0,0,60,7.696212639,8.060855753,5.043425117
054.22.26.001.00,10/1/14,0,,2/1/15,0,1,4,10.41331268,7.562161631,3.17805383
054.22.26.001.00,10/1/14,0,,2/1/15,0,1,4,10.41331268,7.562161631,3.17805383
054.23.14.006.00,10/1/14,0,,,0,0,60,12.39669301,7.780720886,4.844187086
054.24.12.024.00,10/1/14,0,,,0,0,60,10.84349481,7.539027056,4.770684624
055.12.01.010.00,10/1/14,0,,,0,0,60,9.903487553,6.977281342,4.49980967
055.12.10.016.00,10/1/14,0,,,0,0,60,10.30895266,7.286191715,4.691347882
055.12.21.017.00,10/1/14,0,,4/1/17,0,1,30,10.56100756,7.33432935,4.96284463
055.12.21.017.00,10/1/14,0,,10/1/17,0,1,36,10.56100756,7.33432935,4.96284463
055.12.21.017.00,10/1/14,0,,11/1/17,0,1,37,10.56100756,7.33432935,4.96284463
055.12.21.017.00,10/1/14,0,,4/1/15,0,1,6,10.56100756,7.33432935,4.96284463
055.14.27.027.00,10/1/14,0,,12/1/17,0,1,38,10.1266311,7.241366283,4.859812404
055.20.01.002.00,10/1/14,0,,5/1/17,0,1,31,11.60823564,7.677863501,4.043051268
055.20.10.033.00,10/1/14,0,9/1/15,,1,0,11,11.64395373,6.958448393,3.951243719
055.21.01.108.00,10/1/14,0,,11/1/18,0,1,49,11.82846587,7.869401713,3.091042453
055.21.01.111.00,10/1/14,0,,11/1/18,0,1,49,11.44357539,7.869401713,3.044522438
055.21.01.115.00,10/1/14,0,,,0,0,60,11.33020383,7.869401713,3.091042453
055.21.01.118.00,10/1/14,0,,11/1/18,0,1,49,11.72803684,7.869401713,3.091042453
055.21.01.123.00,10/1/14,0,,11/1/18,0,1,49,11.44357539,7.869401713,3.091042453
055.21.04.010.00,10/1/14,0,,,0,0,60,10.57387775,6.866933284,4.682131227
055.23.08.014.00,10/1/14,0,,,0,0,60,10.35774282,7.063048163,4.682131227
055.23.18.007.00,10/1/14,0,,3/1/18,0,1,41,8.853665428,7.238496841,4.584967479
055.24.05.001.00,10/1/14,0,,4/1/15,0,1,6,10.9560559,7.549609165,4.787491743
055.24.05.001.00,10/1/14,0,,7/1/15,0,1,9,10.9560559,7.549609165,4.787491743
055.31.01.019.00,10/1/14,0,,,0,0,60,10.30895266,8.013343181,4.905274778
055.31.10.028.00,10/1/14,0,9/1/15,,1,0,11,10.81977828,8.125630988,4.8978398
055.32.01.013.00,10/1/14,0,,,0,0,60,11.08214255,7.209340257,4.744932128
055.32.02.031.00,10/1/14,1,,,0,0,60,10.41331268,7.491087594,4.820281566
055.32.16.016.00,10/1/14,0,,,0,0,60,10.59663473,7.625595072,4.691347882
055.32.22.008.00,10/1/14,0,7/1/15,,1,0,9,11.03650127,7.840312983,4.672828834
055.32.28.006.00,10/1/14,0,,,0,0,60,11.59910316,7.735433352,4.553876892
055.32.29.003.00,10/1/14,0,,,0,0,60,11.34922937,7.001245622,4.691347882
055.32.30.013.00,10/1/14,0,,,0,0,60,11.81303006,7.471932078,4.543294782
055.41.05.031.00,10/1/14,0,,,0,0,60,11.08214255,7.514254653,4.691347882
055.41.15.001.00,10/1/14,0,,,0,0,60,12.08953883,7.614805365,4.17438727
056.11.01.038.00,10/1/14,0,,,0,0,60,11.09741002,7.0800265,4.521788577
056.11.03.008.00,10/1/14,0,11/1/14,,1,0,1,10.94376426,7.173191742,4.521788577
056.11.08.009.00,10/1/14,0,7/1/15,,1,0,9,10.72106231,7.308542798,4.744932128
056.11.08.073.00,10/1/14,0,,,0,0,60,11.71177632,7.498869734,4.624972813
056.12.04.024.00,10/1/14,0,,,0,0,60,10.20359214,7.076653815,4.532599493
056.12.07.012.00,10/1/14,0,,,0,0,60,10.88743693,7.726653665,4.060443011
056.12.08.001.00,10/1/14,0,,,0,0,60,,7.160845907,4.779123493
056.12.16.008.00,10/1/14,1,,6/1/16,0,1,20,10.75149944,6.897704943,4.584967479
056.13.04.009.00,10/1/14,0,,,0,0,60,10.62132735,6.91968385,4.691347882
056.13.13.034.00,10/1/14,0,,,0,0,60,11.54732689,7.236339343,4.521788577
056.13.14.027.00,10/1/14,0,,8/1/17,0,1,34,10.1064284,7.260522598,4.49980967
056.13.15.006.00,10/1/14,0,,,0,0,60,11.28978191,7.068172,4.532599493
056.23.03.001.00,10/1/14,0,,,0,0,60,11.05564061,7.201170883,4.276666119
056.23.03.010.00,10/1/14,0,,4/1/15,0,1,6,11.08980542,6.674561392,4.060443011
056.31.01.007.00,10/1/14,0,,,0,0,60,10.93310697,7.103322063,4.553876892
056.31.13.008.00,10/1/14,0,12/1/15,,1,0,14,,6.683360946,4.510859507
056.31.15.009.00,10/1/14,0,11/1/14,,1,0,1,11.48349665,7.816013839,4.718498871
056.31.18.012.00,10/1/14,0,,,0,0,60,10.56100756,6.761572769,4.189654742
056.32.11.004.00,10/1/14,0,3/1/15,,1,0,5,10.84544603,7.128495946,4.624972813
056.32.13.011.00,10/1/14,0,,3/1/15,0,1,5,11.24635236,7.989560449,4.770684624
056.32.23.003.00,10/1/14,0,,,0,0,60,,7.051855623,4.644390899
056.32.23.024.00,10/1/14,0,4/1/15,,1,0,6,10.74935582,7.446001498,4.634728988
056.32.24.004.00,10/1/14,0,,,0,0,60,11.04452056,7.185387016,4.521788577
056.32.25.004.00,10/1/14,0,,,0,0,60,11.11095425,7.427144133,4.691347882
056.34.01.007.00,10/1/14,0,,,0,0,60,11.08980542,7.286191715,4.574710979
056.41.01.006.00,10/1/14,0,,,0,0,60,10.91508846,6.852242569,4.532599493
056.41.02.017.00,10/1/14,0,,,0,0,60,10.1064284,6.905753276,4.672828834
056.41.06.015.01,10/1/14,0,,,0,0,60,11.25803322,7.566311015,4.574710979
056.41.10.001.00,10/1/14,0,,,0,0,60,9.998797732,7.081708586,4.553876892
056.41.10.011.00,10/1/14,0,,,0,0,60,10.62132735,7.069874128,4.510859507
056.42.02.023.00,10/1/14,1,,8/1/15,0,1,10,10.73856823,7.387090236,4.691347882
056.42.02.023.00,10/1/14,1,9/1/18,,1,0,47,10.73856823,7.387090236,4.691347882
056.43.10.009.00,10/1/14,0,,,0,0,60,11.28978191,7.639642288,4.663439094
056.44.07.009.00,10/1/14,0,,,0,0,60,,7.479864131,4.553876892
059.00.00.003.25,10/1/14,0,,,0,0,60,12.15477935,7.888334501,3.17805383
059.30.10.003.00,10/1/14,0,,,0,0,60,12.30138283,8.117312462,2.944438979
040.44.17.010.00,12/1/14,0,,8/1/17,0,1,32,11.27720313,7.756195344,3.970291914
040.44.17.010.00,12/1/14,0,,4/1/15,0,1,4,11.27720313,7.756195344,3.970291914
040.44.17.010.00,12/1/14,0,,8/1/16,0,1,20,11.27720313,7.756195344,3.970291914
041.33.06.037.00,12/1/14,0,,,0,0,60,9.392661929,7.397561536,4.234106505
041.40.00.002.00,12/1/14,1,,,0,0,60,11.42954386,7.441906728,3.36729583
045.30.00.583.00,12/1/14,0,,,0,0,60,11.46163217,7.355001921,3.713572067
045.30.00.633.00,12/1/14,0,,,0,0,60,10.94552949,7.224024808,3.713572067
054.21.06.019.00,12/1/14,0,,11/1/16,0,1,23,9.83091686,6.779921907,4.700480366
054.24.21.013.00,12/1/14,0,,4/1/17,0,1,28,10.61152335,7.161622003,1.098612289
054.24.21.016.00,12/1/14,1,,3/1/17,0,1,27,10.61152335,7.161622003,1.098612289
054.24.21.035.00,12/1/14,1,,3/1/17,0,1,27,10.61152335,7.299797367,1.098612289
054.42.03.020.00,12/1/14,0,,5/1/15,0,1,5,10.30895266,7.037905963,4.927253685
054.42.03.020.00,12/1/14,0,,5/1/15,0,1,5,10.30895266,7.037905963,4.927253685
054.42.03.022.00,12/1/14,0,,,0,0,60,10.20359214,6.81563999,4.779123493
054.42.04.025.00,12/1/14,0,,6/1/17,0,1,30,9.417354541,7.53369371,4.49980967
054.42.04.025.00,12/1/14,0,,6/1/18,0,1,42,9.417354541,7.53369371,4.49980967
054.42.11.013.00,12/1/14,0,1/1/15,,1,0,1,10.86092023,7.035268599,4.49980967
055.11.09.002.00,12/1/14,0,2/1/15,,1,0,2,10.79137881,6.938284484,4.934473933
055.11.09.002.00,12/1/14,0,2/1/15,,1,0,2,10.79137881,6.938284484,4.934473933
055.11.25.026.00,12/1/14,0,,,0,0,60,8.9226583,6.854354502,4.584967479
055.12.06.014.00,12/1/14,0,,6/1/18,0,1,42,10.88369161,7.369600721,4.510859507
055.12.06.014.00,12/1/14,0,,5/1/15,0,1,5,10.88369161,7.369600721,4.510859507
055.12.06.014.00,12/1/14,0,,5/1/15,0,1,5,10.88369161,7.369600721,4.510859507
055.12.06.055.00,12/1/14,0,1/1/15,,1,0,1,10.37349118,7.238496841,4.290459441
055.12.10.010.00,12/1/14,0,,,0,0,60,11.68266824,7.389563954,4.532599493
055.12.13.002.00,12/1/14,0,5/1/15,,1,0,5,10.87615862,6.797940413,4.644390899
055.12.13.002.00,12/1/14,0,5/1/15,,1,0,5,10.87615862,6.797940413,4.644390899
055.12.19.017.00,12/1/14,0,,,0,0,60,11.28978191,7.071573364,4.382026635
055.12.20.024.00,12/1/14,0,,9/1/16,0,1,21,11.82041016,7.513163545,4.624972813
055.14.02.005.00,12/1/14,0,,9/1/15,0,1,9,10.16585182,7.17472431,4.672828834
055.14.06.007.00,12/1/14,0,,,0,0,60,10.30895266,6.719013154,4.682131227
055.21.01.102.00,12/1/14,0,,11/1/18,0,1,47,11.56171563,8.037866235,2.995732274
055.21.01.104.00,12/1/14,0,,11/1/18,0,1,47,11.68266824,7.869401713,3.091042453
055.21.01.107.00,12/1/14,0,,11/1/18,0,1,47,11.66821835,7.869401713,3.091042453
055.21.01.164.00,12/1/14,0,,11/1/18,0,1,47,11.52781408,7.869401713,2.995732274
055.21.01.170.00,12/1/14,0,6/1/15,,1,0,6,11.51292546,7.816013839,2.944438979
055.23.04.003.00,12/1/14,0,,,0,0,60,11.54248427,7.275172319,4.49980967
055.23.17.018.00,12/1/14,0,,6/1/17,0,1,30,11.56171563,8.242756346,4.812184355
055.23.17.018.00,12/1/14,0,,8/1/18,0,1,44,11.56171563,8.242756346,4.812184355
055.23.19.014.00,12/1/14,0,,3/1/17,0,1,27,,7.412160335,4.553876892
055.31.03.050.00,12/1/14,0,,,0,0,60,9.61580548,7.380255788,4.779123493
055.32.02.022.00,12/1/14,0,,,0,0,60,9.798127037,7.277938573,4.859812404
055.32.04.084.00,12/1/14,0,,,0,0,60,12.15477935,8.020927719,4.521788577
055.32.08.002.00,12/1/14,0,,,0,0,60,10.93310697,7.829630389,4.762173935
055.32.14.005.00,12/1/14,0,6/1/15,,1,0,6,10.72106231,7.274479559,4.682131227
055.41.14.002.00,12/1/14,0,,6/1/16,0,1,18,11.64395373,7.100027167,4.543294782
056.11.03.007.00,12/1/14,0,,,0,0,60,11.42954386,7.068172,4.521788577
056.11.08.046.00,12/1/14,0,,,0,0,60,10.81977828,7.278628942,4.59511985
056.13.02.102.00,12/1/14,0,,,0,0,60,11.50287513,7.127693699,4.564348191
056.13.04.010.00,12/1/14,0,,8/1/18,0,1,44,10.86856845,7.778211475,4.543294782
056.14.01.023.00,12/1/14,0,,,0,0,60,11.28978191,7.515344571,4.574710979
056.23.03.001.00,12/1/14,0,,,0,0,60,11.05564061,7.201170883,4.276666119
056.31.01.016.00,12/1/14,0,1/1/15,,1,0,1,11.26830288,7.295735073,4.644390899
056.31.05.008.00,12/1/14,0,3/1/15,,1,0,3,10.94376426,7.826044014,4.634728988
056.31.12.010.00,12/1/14,0,1/1/15,,1,0,1,10.74935582,7.202661197,4.644390899
056.31.12.019.00,12/1/14,0,,,0,0,60,11.28978191,7.249925537,4.736198448
056.31.18.013.00,12/1/14,0,,,0,0,60,11.08214255,6.612041035,4.219507705
056.32.05.015.01,12/1/14,0,,,0,0,60,11.61908566,7.502738211,4.624972813
056.32.10.008.00,12/1/14,0,,,0,0,60,11.71993963,8.281470858,4.727387819
056.32.13.011.00,12/1/14,0,,3/1/15,0,1,3,11.24635236,7.989560449,4.770684624
056.32.19.004.00,12/1/14,0,,,0,0,60,10.95779958,7.491087594,4.477336814
056.32.23.026.00,12/1/14,0,,,0,0,60,9.581903928,7.356279877,4.634728988
056.32.28.009.00,12/1/14,0,,,0,0,60,10.62861778,7.347299701,4.356708827
056.32.28.010.11,12/1/14,0,,9/1/15,0,1,9,10.97678203,7.377758908,4.33073334
056.41.03.018.00,12/1/14,0,,,0,0,60,10.73856823,7.696667082,4.779123493
056.41.03.074.00,12/1/14,0,,,0,0,60,10.91508846,6.930494766,4.718498871
056.43.07.001.00,12/1/14,0,,,0,0,60,11.28978191,7.625595072,4.521788577
056.44.05.008.00,12/1/14,0,,,0,0,60,10.08580911,7.303170051,4.574710979
059.30.00.018.00,12/1/14,0,,,0,0,60,10.91508846,6.97354302,4.060443011
059.30.10.028.00,12/1/14,0,,,0,0,60,12.31268238,8.070906089,2.890371758